# Created by Octave 4.0.0, Sun Jun 05 01:08:15 2016 MSK <user@hal9000>
# name: v
# type: matrix
# rows: 1
# columns: 10
 0.2082488212 0.7806308499 0.5261497329 0.3471960273 0.6570108567 0.1743749713 0.842954832 0.4821868728 0.1783565217 0.139783779


